Census Mixed-valued Observations: 
 Region                       Y_1 = Age - Histogram Sub-intervals:
  u    [0,4)  [4,17) [17,20) [20,24) [24,34) [34,44) [44,54) [54,64) [64,74) [74,84) [84,94) [94,120]
  1    0.085  0.236   0.051   0.060   0.140   0.145   0.115   0.039   0.031   0.052   0.035   0.012  
  2    0.056  0.176   0.054   0.070   0.127   0.148   0.157   0.050   0.039   0.063   0.045   0.016  
  3    0.050  0.169   0.042   0.066   0.181   0.188   0.143   0.040   0.030   0.050   0.031   0.009  
  4    0.044  0.172   0.036   0.034   0.094   0.156   0.161   0.071   0.061   0.098   0.058   0.016   
  5    0.088  0.255   0.049   0.054   0.139   0.143   0.108   0.038   0.031   0.053   0.032   0.010   
  6    0.061  0.181   0.039   0.046   0.125   0.152   0.148   0.055   0.041   0.070   0.060   0.024   
  7    0.076  0.194   0.041   0.053   0.164   0.168   0.127   0.045   0.034   0.052   0.034   0.012   
  8    0.079  0.225   0.044   0.049   0.132   0.157   0.114   0.040   0.035   0.067   0.046   0.014   
  9    0.080  0.230   0.048   0.052   0.134   0.154   0.122   0.042   0.032   0.054   0.038   0.013  
 10    0.064  0.165   0.032   0.047   0.159   0.174   0.145   0.050   0.039   0.063   0.045   0.016 
 -----------------------------------------------------------------------------------------------------
                    Y_2 = Home Value in $1000's - Histogram Sub-intervals:     
  u    [0,49) [49,99) [99,149) [149,199) [199,299) [299,499) [>= 500]    
  1    0.037   0.432   0.290     0.126     0.080     0.028    0.009    
  2    0.020   0.226   0.368     0.197     0.137     0.045    0.007    
  3    0.048   0.409   0.309     0.144     0.079     0.005    0.007     
  4    0.022   0.141   0.412     0.267     0.122     0.037    0.000    
  5    0.019   0.390   0.354     0.139     0.070     0.024    0.004    
  6    0.005   0.013   0.075     0.217     0.325     0.228    0.137    
  7    0.008   0.014   0.059     0.170     0.348     0.280    0.121    
  8    0.017   0.209   0.296     0.228     0.170     0.059    0.022    
  9    0.020   0.210   0.321     0.215     0.172     0.051    0.011    
 10    0.010   0.006   0.006     0.013     0.105     0.417    0.443    
 ----------------------------------------------------------------------
       Y_3=Gender}       Y_4=Fuel            Y_5=Tenure        Y_6=Income}    
  u    male female         Y_4          owner renter vacant      [a,b] 
  1    0.499 0.501    gas electricity    0.527 0.407 0.066    [23.7,44.8] 
  2    0.506 0.494    gas coal           0.528 0.388 0.084    [24.3,& 37.2]   
  3    0.372 0.628    oil coal           0.548 0.254 0.198    [28.7,& 39.0]    
  4    0.488 0.512    coal electricity   0.523 0.226 0.251    [31.5,& 41.8]    
  5    0.502 0.498    gas electricity    0.548 0.385 0.067    [26.7,& 42.0]   
  6    0.501 0.499    gas                0.609 0.326 0.065    [41.7,& 62.8]    
  7    0.502 0.498    gas electricity    0.593 0.372 0.035    [51.7,& 80.2]    
  8    0.502 0.498    gas electricity    0.596 0.270 0.134    [28.1,& 63.4]    
  9    0.500 0.500    gas electricity    0.580 0.380 0.040    [35.4,& 61.7]    
 10    0.506 0.494    gas electricity    0.599 0.376 0.025    [64.7,& 83.7]     
